18-17-2:[0.0, 1.5, 0.0, 0.0, 0.0, 0.0, 0.0, 0.0, 0.0]
55-14-33:[0.0, 0.0, 0.0, 0.0, 0.0, 0.0, 0.0, 0.0, 0.0]
60-11-27:[0.0, 0.0, 0.0, 0.0, 0.0, 1.706625, 0.0, 0.0, 0.0]
168-19-35:[0.0, 0.0, 0.0, 0.0, 0.0, 0.0, 0.0, 0.0, 0.0]
10-14-12:[0.0, 0.0, 1.5, 0.0, 2.9250000000000003, 0.0, 0.0, 4.7479071875, 0.0]
50-37-19:[0.0, -1.0, 0.0, 0.0, 0.0, 0.0, 0.0, 0.0, 0.0]
40-16-34:[0.0, 0.0, 0.0, 0.0, 0.0, 0.0, 0.0, 0.0, 2.85]
10-14-13:[0.0, 0.0, -1.0, 0.0, 0.0, 0.0, 0.0, 0.0, 0.0]
40-16-1:[0.0, 0.0, 0.0, 0.0, 0.0, 0.0, 2.85, 0.0, 0.0]
40-16-32:[0.0, 0.0, 0.0, 1.5, 0.0, 0.0, 0.0, 0.0, 0.0]
40-16-33:[0.0, 0.0, 0.0, 1.5, 0.0, 0.0, 0.0, 0.0, 0.0]
35-17-2:[0.0, 0.0, 0.0, 0.0, -2.5, 0.0, 0.0, -1.5, 0.0]
40-16-30:[0.0, 0.0, 0.0, 2.9962500000000003, 0.0, 0.0, 1.5, 0.0, 0.0]
40-16-31:[0.0, 0.0, 0.0, 0.0, 0.0, 0.0, -1.0, 0.0, 0.0]
48-32-12:[0.0, 0.0, 0.0, 0.0, 0.0, 0.0, 0.0, 0.0, 2.85]
48-32-10:[0.0, 1.5, 0.0, 0.0, 0.0, 0.0, 0.0, 0.0, 0.0]
48-32-11:[0.0, 5.0, 0.0, 0.0, 0.0, 0.0, 0.0, 0.0, 0.0]
60-23-13:[0.0, 0.0, 1.5, 0.0, 0.0, 0.0, 0.0, 0.0, 0.0]
45-29-12:[0.0, 0.0, 0.0, 1.5, 0.0, 2.0216250000000002, 0.0, 0.0, 0.0]
40-28-20:[0.0, 0.0, 0.0, 0.0, 1.5, 0.0, 0.0, 0.0, 0.0]
130-13-31:[0.0, 0.0, 0.0, 0.0, 0.0, 0.0, 0.0, 0.0, 2.9250000000000003]
169-26-0:[0.0, 0.0, 0.0, 0.0, 0.0, 0.0, 0.0, 0.0, 0.0]
55-15-12:[0.0, 0.0, 0.0, 1.5, 0.0, 0.0, 0.0, 0.0, 0.0]
4-12-18:[0.0, 1.5, 0.0, 0.0, 0.0, 0.0, 0.0, 0.0, 0.0]
55-15-13:[5.44179375, 0.0, 0.0, 0.0, 0.0, 0.0, 0.0, 0.0, 1.5]
24-11-1:[0.0, -2.5, 1.5, 0.0, 0.0, 1.5750000000000002, 0.0, 0.0, 0.0]
168-18-3:[0.0, 1.5, 0.0, 0.0, 0.0, 0.0, 0.0, 0.0, 0.0]
48-25-6:[0.0, 0.0, 0.0, 0.0, 0.0, 0.0, 0.0, 0.0, 1.5]
60-23-24:[0.0, 0.0, 2.85, 0.0, 0.0, 0.0, 0.0, 0.0, 0.0]
165-9-2:[0.0, 0.0, 0.0, 0.0, 0.0, 0.0, 0.0, 0.0, 2.85]
32-13-4:[0.0, 0.0, 0.0, 0.0, 0.0, 0.0, 0.0, 0.0, 0.0]
39-15-33:[0.0, 0.0, 0.0, 0.0, 0.0, 0.0, 0.0, 2.85, 0.0]
154-15-30:[0.0, 0.0, 1.5, 0.0, 0.0, 0.0, 0.0, 0.0, 0.0]
9-47-26:[0.0, 0.0, 0.0, 0.0, 0.0, 0.0, 0.0, 0.0, 4.2787500000000005]
96-19-35:[0.0, 0.0, 0.0, 0.0, 0.0, 0.0, 0.0, 0.0, 0.0]
36-36-33:[0.0, 0.0, 0.0, 0.0, 1.5, 0.0, 0.0, 0.0, 0.0]
55-14-11:[0.0, 1.5, 0.0, 0.0, 0.0, 0.0, 0.0, 0.0, 0.0]
55-14-10:[0.0, 4.0, 0.0, 0.0, 0.0, 0.0, 5.2, 0.0, 0.0]
2-14-20:[1.8150875000000002, 0.0, 0.0, 0.0, 0.0, 2.9250000000000003, 0.0, 0.0, 0.0]
55-14-13:[0.0, -0.925, 0.0, 0.0, 0.0, 0.0, 0.0, 0.0, 0.6]
2-14-21:[0.0, 0.0, 0.0, -1.9300000000000002, 0.0, 0.0, 0.0, 0.0, 0.0]
36-14-25:[0.0, 0.0, 0.0, 0.0, 0.0, 0.0, 0.0, 0.0, 0.0]
55-14-12:[0.0, -1.0, 0.0, 0.0, 0.0, 0.0, 0.0, 1.5, 0.0]
126-11-28:[0.0, 0.0, 0.0, 0.0, 0.0, 0.0, 0.0, -1.0, 0.0]
40-15-1:[0.0, 0.0, 0.0, 0.0, 0.0, 0.0, 1.5, 0.0, 0.0]
165-26-0:[0.0, 0.0, 0.0, 0.0, 0.0, 0.0, 0.0, -2.5, 0.0]
44-13-31:[0.0, -1.5, 0.0, 0.0, -2.5, 0.0, 0.0, 0.0, 0.0]
63-13-24:[0.0, 0.0, 0.0, 0.0, 0.0, 0.0, 0.0, 1.5, 0.0]
4-11-18:[0.0, 1.5, 0.0, 0.0, 0.0, 0.0, 0.0, 0.0, 0.0]
4-11-17:[0.0, 0.0, 0.0, 0.0, 1.5, 0.0, 0.0, 0.0, 0.0]
63-13-25:[0.0, 0.0, 0.0, 0.0, 0.0, 0.0, 0.0, 1.5, 0.0]
60-22-24:[0.0, 0.0, 0.0, 0.0, 0.0, 0.0, 0.0, 1.5, 0.0]
32-17-10:[0.0, 0.0, 0.0, 0.0, 1.5, 0.0, 0.0, 0.0, 0.0]
48-14-7:[0.0, 0.0, 0.0, 0.0, 0.0, 0.0, 0.0, 0.0, 0.0]
45-30-12:[0.0, 0.0, 0.0, 1.5, 0.0, 0.0, 0.0, 0.0, 1.5]
39-16-33:[0.0, 0.0, 0.0, 0.0, 0.0, 0.0, 0.0, 1.5, 0.0]
77-26-0:[0.0, -2.5, 0.0, 0.0, 0.0, 0.0, 0.0, -1.5, 0.0]
50-36-19:[0.0, 1.5, 0.0, 0.0, 0.0, 0.0, 0.0, 0.0, 0.0]
36-37-33:[0.0, 0.0, 0.0, 0.0, 1.5, 0.0, 0.0, 0.0, 0.0]
168-19-3:[0.0, 1.5, 0.0, 0.0, 0.0, 0.0, 0.0, 0.0, 0.0]
40-15-34:[-1.0, 0.0, 0.0, 0.0, 0.0, 0.0, 0.0, 0.0, 0.0]
143-24-36:[0.0, 0.0, 0.0, 0.0, 0.0, 0.0, 0.0, 0.0, 0.0]
8-43-25:[0.0, 0.0, 0.0, 0.0, 0.0, 0.0, 0.0, 0.0, 0.0]
60-11-30:[1.5, 0.0, 0.0, 0.0, 0.0, 0.0, 0.0, 0.0, 0.0]
63-13-11:[0.0, 0.0, 0.0, 0.0, 0.0, 0.27875000000000005, 0.0, 0.0, 2.86254375]
40-15-32:[0.0, 0.0, 1.5, 1.5, 0.0, 0.0, 0.0, 0.0, 0.0]
63-13-10:[0.0, 0.0, 0.0, 0.0, 0.0, 1.5, 0.0, 9.860000000000001, 0.0]
63-13-13:[0.0, 1.822, 0.0, 0.0, 0.0, 0.0, 4.796, 0.0, 0.0]
168-19-1:[4.1325, 0.0, 0.0, 0.0, 0.0, 0.0, 0.0, 0.0, 0.0]
63-13-12:[0.0, 0.0, 0.0, 0.0, 4.47148125, 0.0, 0.0, 0.0, 2.9250000000000003]
168-19-2:[0.0, -1.0, 0.0, 0.0, 0.0, 0.0, 0.0, 0.0, 0.0]
63-13-15:[0.0, 1.58145578125, 0.0, 0.0, 0.0, 0.0, 0.0, 0.0, 4.2787500000000005]
63-13-14:[0.0, 3.2453102031250003, 0.0, 0.0, 1.6291156250000007, 0.0, 1.5, 0.0, 1.5]
45-22-7:[0.0, 0.0, 0.0, 1.5, 0.0, 0.0, 0.0, 0.0, 0.0]
70-14-7:[0.0, 0.0, 0.0, 0.0, 0.0, 0.0, 0.0, 0.0, 0.0]
48-26-6:[0.0, 0.0, 0.0, 0.0, 0.0, 0.0, 0.0, 0.0, 1.5]
32-14-5:[0.0, 1.5, 1.5, 0.0, 0.0, 0.0, 0.0, 0.0, 0.0]
32-14-4:[0.0, 1.5, 1.5750000000000002, 0.0, 0.0, 0.0, 0.0, 0.0, 0.0]
32-14-7:[0.0, 2.85, 0.0, 0.0, 0.0, 0.0, 0.0, 0.0, 0.0]
36-11-1:[0.0, 0.0, 1.0, 0.0, 1.5, 0.0, 0.0, 0.0, 0.0]
32-14-6:[0.0, 1.5, 0.0, 0.0, 0.0, 0.0, 0.0, 0.0, 0.0]
32-14-8:[0.0, 1.5, 0.0, 0.0, 0.0, 0.0, 0.0, 0.0, 0.0]
60-11-28:[0.0, 0.0, 0.0, 0.0, 1.5, 0.0, 0.0, 0.0, 0.0]
169-16-0:[0.0, 0.0, 4.0, 0.0, 0.0, 0.0, 0.0, 0.0, 0.0]
40-29-20:[0.0, 0.0, 0.0, 0.0, 3.0883312500000004, 0.0, 0.0, 0.0, 0.0]
60-11-29:[0.8825000000000001, 0.0, 0.0, 0.0, 0.0, 0.0, 0.0, 0.0, 0.0]
135-62-23:[0.0, 0.0, 0.0, 0.0, 0.0, 0.0, 0.0, 0.0, 0.0]
45-16-14:[0.0, 0.0, 0.0, 0.0, 1.5, 0.0, 0.0, 0.0, 0.0]
60-12-30:[0.0, 0.0, 0.0, 0.0, 0.0, 0.0, 1.5, 0.0, 0.0]
60-12-31:[0.0, 0.0, 0.0, 0.0, 0.0, 0.0, 2.85, 0.0, 0.0]
40-14-0:[0.0, 0.0, 1.5, 0.0, 0.0, 0.0, 0.0, 0.0, 0.0]
40-38-20:[0.0, 0.0, 0.0, 0.0, 0.0, 0.0, 0.0, 0.0, 0.0]
65-15-7:[0.0, 0.0, 0.0, 0.0, 0.0, 0.0, 0.0, 2.85, 0.0]
63-12-27:[0.0, 0.0, 0.0, 1.9250000000000003, 0.0, 0.0, 1.5, 0.0, 0.0]
56-13-0:[0.0, 0.0, 1.5, 0.0, 0.0, 0.0, 0.0, 0.0, 0.0]
63-12-26:[0.0, 0.0, 0.0, 0.3500000000000001, 0.0, 0.0, 0.0, 0.0, 0.0]
56-13-2:[0.0, 0.0, 0.0, 1.5, 0.0, 0.0, 0.0, 0.0, 0.0]
63-12-28:[0.0, 0.0, 0.0, 1.5, 0.0, 0.0, 4.2787500000000005, 0.0, 0.0]
56-13-1:[0.0, 0.0, 1.5, 0.0, 0.0, 0.0, 0.0, 0.0, 0.0]
60-8-4:[0.0, 0.0, 0.0, 0.0, 0.0, 0.0, 0.0, 0.0, 4.5]
60-24-23:[0.0, 0.0, 1.5, 0.0, 0.0, 0.0, 0.0, 0.0, 0.0]
39-14-30:[0.0, 2.85, 0.9208792252206317, 0.0, 11.01953833823626, 7.451674893445313, 2.6289422812500005, 7.574548377102538, 0.0]
60-24-22:[0.0, 0.0, 1.5, 0.0, 0.0, 0.0, 0.0, 0.0, 0.0]
39-14-31:[0.0, 1.5, 3.575, 0.0, 0.0, 0.0, 0.0, 0.0, 0.0]
39-14-32:[0.0, 1.5, 1.6532406250000002, 0.0, 0.0, 0.0, 0.0, 0.0, 0.0]
39-14-33:[0.0, 0.0, 1.6532406250000002, 4.561316507806055, 0.0, 0.0, 5.804871436328126, 0.0, 0.0]
21-14-31:[0.0, 0.0, 0.0, 0.0, 0.0, 0.0, 0.0, 0.0, 0.0]
9-48-25:[0.0, 0.0, 0.0, 0.0, 0.0, 0.0, 0.0, 0.6, 0.0]
55-13-13:[0.0, 0.0, 0.0, 0.0, 0.0, 1.0, 0.0, 0.0, 0.0]
9-48-26:[0.0, 0.0, 0.0, 0.0, 0.0, 0.0, 0.0, 1.5750000000000002, 0.0]
9-48-27:[0.0, 0.0, 0.0, 0.0, 2.9250000000000003, 0.0, 0.0, 0.0, 0.0]
66-15-20:[0.0, 0.0, 0.0, 1.5, 0.0, 0.0, 0.0, 0.0, 0.0]
60-12-28:[0.0, 0.0, 0.0, 0.0, 4.1325, 1.706625, 0.0, 0.0, 0.0]
55-13-31:[0.0, 0.0, 0.0, -4.75, -1.5, 0.0, 0.0, -1.5, 0.0]
39-26-33:[0.0, 0.0, 0.0, 0.0, 0.0, 0.0, 0.0, 2.85, 0.0]
50-38-19:[0.0, 0.0, 0.0, 0.0, 0.0, 0.0, 2.9250000000000003, 0.0, 0.0]
40-17-35:[1.5, 0.0, 0.0, 0.0, 0.0, 0.0, 0.0, 0.0, 1.5]
40-17-36:[0.0, 0.0, 0.0, 0.0, 0.0, 0.0, 0.0, 0.0, 2.85]
40-17-33:[0.0, 0.0, 0.0, 1.5, 1.5, 0.0, 0.0, 0.0, 0.0]
4-13-21:[-2.5, -1.5, -5.0649999999999995, 0.0, -1.5, 0.0, 0.0, 0.0, 0.0]
40-17-34:[0.0, 0.0, 0.0, 0.0, 0.0, 0.0, 0.0, 0.0, 2.85]
126-11-30:[0.0, 0.0, 0.0, 0.0, 0.0, 0.0, 0.0, 0.0, 1.5]
117-19-35:[0.0, -1.5, 0.0, -2.5, -3.85, 0.0, 0.0, 0.0, 0.0]
48-27-6:[0.0, 0.0, 0.0, 0.0, 0.0, 0.0, 0.0, 0.0, 1.5]
39-14-25:[0.0, 0.0, 0.0, 0.0, 0.0, 0.0, 0.0, 0.0, 0.0]
45-31-12:[0.0, 0.0, 0.0, 0.0, 0.0, 0.0, 0.0, 0.0, 1.5]
6-11-17:[0.0, 0.0, 0.0, 0.0, 0.0, 0.0, 0.0, -2.5, 0.0]
36-11-36:[0.0, 0.0, 0.0, 0.0, 0.0, 0.0, 0.0, 0.0, 0.0]
40-27-20:[0.0, 0.0, 0.0, 0.0, 0.0, 0.0, 0.0, 0.0, 1.5]
169-13-5:[0.0, 0.0, 4.0, 0.0, 0.0, 0.0, 0.0, 0.0, 0.0]
39-14-27:[0.0, 1.5, 1.5750000000000002, 0.0, 0.0, 0.0, 0.0, 0.0, 0.0]
169-13-4:[0.0, 0.0, 0.0, 0.0, 0.0, 0.0, 0.0, 0.0, 0.0]
39-14-28:[0.0, 1.5, 0.5750000000000001, 0.0, 0.0, 0.0, 0.0, 0.0, 0.0]
169-13-3:[0.0, 0.0, -1.0, 0.0, 0.0, 0.0, 0.0, 0.0, 0.0]
39-14-29:[0.0, 1.5, 2.050976916911813, 0.0, 0.0, 0.0, 0.0, 0.0, 0.0]
32-15-9:[0.0, 1.5, 0.0, 0.0, 0.0, 0.0, 0.0, 0.0, 0.0]
169-13-2:[0.0, 0.0, 1.5, 0.0, 0.0, 0.0, 2.9250000000000003, 0.0, 0.0]
169-13-1:[0.0, 0.0, 0.0, 0.0, 0.0, 0.0, 1.5, 0.0, 0.0]
32-17-9:[0.0, 0.0, 0.0, 0.0, 1.5, 0.0, 0.0, 0.0, 0.0]
36-38-33:[0.0, 0.0, 0.0, 0.0, 1.5, 0.0, 0.0, 0.0, 0.0]
39-25-33:[0.0, 0.0, 0.0, 0.0, 0.0, 0.0, 0.0, 1.5, 0.0]
60-13-28:[0.0, 0.0, 0.0, 0.3500000000000001, 0.0, 0.0, 0.0, 0.0, 0.0]
16-43-25:[0.0, 0.0, 0.0, 1.5, 0.0, 0.0, 0.0, 0.0, 0.0]
180-24-36:[1.5, 0.0, 0.0, 0.0, 0.0, 0.0, 0.0, 0.0, 0.0]
40-13-4:[0.0, 0.0, 0.0, 0.0, 0.0, 0.0, 0.0, 0.0, 0.0]
65-14-7:[-0.9210625000000001, 1.5750000000000002, -2.3850187500000004, 0.0, 1.57875, 0.0, 0.0, 1.5, 0.0]
65-14-8:[0.0, 1.5750000000000002, 1.5, 0.0, 0.0, 0.0, 0.0, 0.0, 0.0]
65-14-9:[0.0, 1.5750000000000002, 1.5, 0.0, 0.0, 0.0, 0.0, 0.0, 0.0]
182-26-0:[0.0, 0.0, 0.0, 0.0, 0.0, 0.0, 0.0, 0.0, 0.0]
2-13-19:[0.0, 0.5, 0.0, 0.0, 0.0, 0.0, 0.0, 0.0, 0.0]
56-14-7:[0.0, 0.0, 0.0, 0.0, 0.0, 0.0, 0.0, 0.0, 0.0]
143-14-29:[0.0, 0.0, 0.0, 0.0, 0.0, 0.0, 1.5, 0.0, 0.0]
60-13-18:[0.0, 0.0, 0.0, 0.0, 1.5, 0.0, 0.0, 0.0, 0.0]
2-13-20:[0.0, 1.5, 0.0, 0.0, 0.0, 0.0, 0.0, 0.0, 0.0]
143-14-30:[0.0, 0.0, 0.0, 0.0, 0.0, 0.0, -1.0, 0.0, 0.0]
2-13-21:[0.0, 0.0, -1.5, 0.0, -2.5, 0.0, 0.0, 0.0, -2.5]
12-11-17:[0.0, 0.0, 0.0, 0.0, 0.0, 0.0, 0.0, 0.0, 0.0]
60-13-13:[0.0, 0.0, 0.0, 0.0, 0.0, 0.0, 0.0, 0.0, 0.0]
165-17-5:[1.0, 3.5500000000000003, 0.0, 0.0, 0.0, 0.0, 0.0, 0.0, 0.0]
104-62-23:[0.0, 0.0, 0.0, 1.5, 0.0, 0.0, 0.0, 0.0, 0.0]
48-28-2:[0.0, 0.0, 0.0, 1.5, 0.0, 0.0, 0.0, 0.0, 0.0]
9-49-25:[0.0, 1.5, 0.0, 0.0, 0.0, 0.0, 0.0, 1.5, 0.0]
60-24-14:[0.0, 0.0, 1.5, 0.0, 0.0, 0.0, 0.0, 0.0, 0.0]
169-14-9:[0.0, 0.0, 0.0, 5.350875, 0.0, 0.0, 0.0, 0.0, 0.0]
156-22-33:[0.0, 0.0, 1.5, 0.0, 0.0, 0.0, 0.0, 0.0, 0.0]
169-14-8:[0.0, 0.0, -1.0, 2.85, 0.0, 0.0, 0.0, 0.0, 0.0]
156-22-34:[0.0, 0.0, 0.0, 1.5, 0.0, 0.0, 0.0, 0.0, 0.0]
169-14-7:[0.0, 0.0, 1.5, 0.0, 0.0, 0.0, 0.0, 0.0, 0.0]
169-14-6:[0.0, 0.0, 1.5, 0.0, 0.0, 0.0, 0.0, 0.0, 0.0]
156-22-32:[0.0, 0.0, 1.5, 0.0, 0.0, 0.0, 0.0, 0.0, 0.0]
169-14-5:[0.0, 0.0, 5.0, 0.0, 0.0, 0.0, 0.0, 0.0, 0.0]
9-49-26:[0.0, 1.5, 0.0, 0.0, 0.0, 0.0, 0.0, 0.0, 0.0]
9-49-27:[0.0, 1.5, 0.0, 0.0, 4.2787500000000005, 0.0, 0.0, 0.0, 0.0]
156-22-35:[0.0, 0.0, 0.0, 1.5, 0.0, 0.0, 0.0, 0.0, 0.0]
9-49-28:[0.0, 1.7139375000000001, 0.0, 0.0, 0.0, 0.0, 0.0, 0.0, 5.5648125]
169-14-1:[0.0, 0.0, 0.0, 0.0, 0.0, 0.0, 5.0, 0.0, 0.0]
32-18-9:[0.0, 0.0, 1.5, 0.0, 0.0, 0.0, 0.0, 0.0, 0.0]
60-14-18:[4.0, 0.0, 0.0, 0.0, 6.180000000000001, 0.0, 0.0, 0.0, 0.0]
77-10-18:[0.0, 0.0, 0.0, 1.5, 0.0, 0.0, 0.0, 0.0, 0.0]
65-14-33:[0.0, 0.0, 0.0, 0.0, 0.0, 0.0, 0.0, 0.0, 0.0]
77-10-19:[0.0, 0.0, 0.0, 0.0, 0.0, 0.0, 1.5, 0.0, 0.0]
63-16-32:[0.0, 0.0, 0.0, 0.0, 0.0, 1.5, 0.0, 0.0, 0.0]
55-17-20:[0.0, 0.0, 0.0, -1.0, 0.0, 0.0, 0.0, 0.0, 0.0]
50-16-35:[2.85, 0.0, 0.0, 0.0, 0.0, 0.0, 0.0, 0.0, 0.0]
44-22-9:[0.0, 0.0, 0.0, 0.0, 0.0, -1.0, 0.0, 0.0, 0.0]
50-16-34:[1.5, 0.0, 0.0, 0.0, 1.5, 0.0, 0.0, 0.0, 0.0]
20-17-1:[0.0, 0.0, 0.0, 0.0, 0.0, 0.0, -1.0, 0.0, 0.0]
60-14-10:[0.0, 0.0, 0.0, 0.0, 0.0, 0.0, 0.0, -2.5, 0.0]
168-26-0:[0.0, 0.0, 0.0, 0.0, 0.0, 0.0, 0.0, 0.0, 0.0]
63-16-33:[0.0, 0.0, 0.0, 0.0, 2.9250000000000003, 2.981625, 0.0, 0.0, 0.0]
35-13-4:[0.0, 0.0, 0.0, 0.0, 0.0, 0.0, 0.0, 0.0, 0.0]
20-17-2:[0.0, 0.0, 0.0, -0.925, 0.0, 0.0, 1.5, 0.0, 0.0]
5-13-21:[0.0, -2.5, 0.0, -2.5, 0.0, 0.0, 0.0, 0.0, 0.0]
65-17-8:[0.0, 0.0, 0.0, 0.0, 0.0, 0.0, 0.0, -1.5, 0.0]
48-32-9:[0.0, 0.0, 0.0, 0.0, 1.5, 0.0, 0.0, 0.0, 0.0]
30-19-8:[0.0, 0.0, 1.5, 0.0, 0.0, 0.0, 0.0, 0.0, 0.0]
27-18-20:[0.0, 0.0, 0.0, 0.0, 0.0, 1.5, 0.0, 0.0, 0.0]
154-26-0:[0.3500000000000001, 0.0, 0.0, 0.0, 0.0, 0.0, 0.0, 0.0, 0.0]
66-14-10:[0.0, 0.0, 0.0, 0.0, 0.0, 0.0, 0.0, 0.0, 0.0]
56-16-30:[-0.42999999999999994, 0.0, 0.0, 0.0, 4.2787500000000005, 0.0, 0.0, 0.0, 0.0]
56-16-31:[-1.0, 0.0, 0.0, 0.0, 0.0, 0.0, 0.0, 0.0, 0.0]
10-17-13:[0.0, 0.0, 0.0, 2.85, 0.0, 0.0, 0.0, 0.0, 0.0]
36-39-33:[0.0, 0.0, 0.0, 0.0, 0.0, 0.0, 0.0, 0.0, 1.5]
30-11-34:[2.9250000000000003, 2.981625, 0.0, 0.0, 0.0, 0.0, 0.0, 0.0, 0.0]
55-17-34:[0.5, 0.0, 0.0, 0.0, 0.0, 0.0, 0.0, 0.0, 0.0]
30-11-33:[0.0, 1.5, 0.0, 0.0, 0.0, 0.0, 0.0, 0.0, 0.0]
39-18-33:[0.0, 0.0, 0.0, 0.0, 0.0, 1.5, 0.0, 0.0, 0.0]
52-14-33:[0.0, 0.0, 0.0, 0.0, 0.0, 0.0, 0.0, 0.0, 0.0]
33-20-18:[0.0, 0.0, 0.0, 0.0, 0.0, 0.0, 2.85, 0.0, 0.0]
60-26-15:[0.0, 1.5, 0.0, 0.0, 0.0, 0.0, 0.0, 0.0, 0.0]
72-14-33:[0.0, 0.0, 0.0, 0.0, 2.5, 0.0, 0.0, 0.0, 0.0]
60-26-14:[0.0, 1.5, 0.0, 0.0, 0.0, 0.0, 0.0, 0.0, 0.0]
156-26-0:[0.0, 0.0, 0.0, 0.0, 0.0, 0.0, 0.0, 0.0, 0.0]
20-14-33:[0.0, 0.0, 0.0, 0.0, 0.0, 0.0, 0.0, 0.0, 0.0]
10-16-13:[0.0, 0.0, 0.0, 2.85, 0.0, 0.0, 0.0, 0.0, 0.0]
39-19-33:[0.0, 0.0, 0.0, 0.0, 0.0, -1.0, 0.0, 0.0, 0.0]
40-18-34:[0.0, 0.0, 0.0, 0.0, 2.85, 0.0, 0.0, 0.0, 0.0]
60-14-33:[0.0, 0.0, 0.0, 0.0, 0.0, 0.0, 0.0, 0.0, 0.0]
48-10-2:[0.0, 2.9962500000000003, 1.5, 0.0, 1.5, 0.0, 0.0, 0.0, 0.0]
48-10-3:[0.0, -0.47500000000000003, 0.0, 0.0, 0.0, 0.0, 0.0, 0.0, 0.0]
48-10-4:[0.0, 0.0, 1.5, 0.0, 0.0, 0.0, 0.0, 0.0, 0.0]
36-40-33:[0.0, 0.0, 0.0, 0.0, 0.0, 0.0, 0.0, 0.0, 1.5]
154-24-36:[0.0, 0.0, 0.0, 0.0, 0.0, 0.0, 0.0, 0.0, 0.0]
72-14-27:[8.876554024218752, 0.0, 0.0, 0.0, 0.0, 0.0, 0.0, 0.5, 0.0]
154-25-0:[8.6675, 0.0, 0.0, 0.0, 0.0, 0.0, 0.0, 1.5, 0.0]
72-14-29:[0.0, 0.0, 0.0, 0.0, 1.5, 0.0, 0.0, 0.0, 0.0]
140-20-35:[0.0, 0.0, 0.0, 1.5, 0.0, 0.0, 0.0, 0.0, 0.0]
72-14-28:[4.206625, 0.0, 0.0, 0.0, 3.6892981250000005, 0.0, 0.0, 4.1325, 0.0]
104-61-23:[0.0, 0.0, 0.0, 1.5, 0.0, 0.0, 0.0, 0.0, 0.0]
48-10-5:[0.0, 0.0, 1.5, 0.0, 0.0, 0.0, 0.0, 0.0, 0.0]
72-9-25:[0.0, 0.0, 0.0, 0.0, 0.0, 0.0, 0.0, 0.0, 2.85]
60-25-15:[0.0, 0.0, 1.5, 0.0, 0.0, 0.0, 0.0, 0.0, 0.0]
54-36-27:[-2.5, 0.0, 0.0, 0.0, 0.0, 0.0, -1.5, 0.0, 0.0]
72-9-24:[0.0, 0.0, 0.0, 0.0, 0.0, 0.0, 0.0, 0.0, 1.5]
48-10-7:[0.0, 0.0, 1.5, 0.0, 0.0, 0.0, 0.0, 0.0, 0.0]
6-13-21:[0.0, 0.0, 0.0, 0.0, 0.0, 0.0, 0.0, 0.0, 0.0]
55-26-0:[0.0, 0.0, 0.0, 0.0, 0.0, 0.0, 0.0, 0.0, 0.0]
130-11-30:[0.0, 0.0, 0.0, 0.0, 0.0, 0.0, 0.0, 0.0, 0.0]
36-42-1:[0.0, 0.0, 0.0, 0.0, 1.5, 0.0, 0.0, 0.0, 0.0]
36-42-0:[0.0, 0.0, 0.0, 0.0, 1.5, 0.0, 0.0, 0.0, 0.0]
140-19-34:[0.0, 0.0, 0.0, 2.85, 0.0, 0.0, 0.0, 0.0, 0.0]
60-14-29:[0.0, 0.0, 0.0, 0.0, 0.0, 0.0, 0.0, 0.0, 0.0]
60-14-28:[0.0, 0.0, 0.0, 2.85, 0.0, 0.0, 0.0, 0.0, 0.0]
60-14-26:[0.0, 1.5, 0.0, 0.0, 0.0, 0.0, 0.0, 2.9250000000000003, 0.0]
63-15-30:[4.075, 1.5, 0.0, 0.0, 0.0, 0.0, 0.0, 0.0, 0.0]
60-14-25:[0.0, -1.0, 0.0, 0.0, 0.0, 0.0, 0.0, 0.0, 0.0]
63-15-31:[5.0, 1.5, 0.0, 0.0, 0.0, 0.0, 0.0, 0.0, 0.0]
60-14-24:[0.0, 0.0, 0.0, 0.0, 0.0, 0.0, 0.0, 0.0, 0.0]
18-54-30:[0.0, 0.0, 0.0, 0.0, 0.0, 0.0, 0.0, 0.0, 0.0]
60-14-23:[4.196625000000001, 1.5, 0.0, 0.0, 0.0, 0.0, 0.0, 0.0, 0.0]
63-15-32:[0.0, 1.5, 0.0, 0.0, 0.0, -1.0, 0.0, 0.0, 0.0]
176-17-5:[0.0, 0.0, 0.0, 0.0, 0.0, 0.0, 0.0, 0.0, 0.0]
33-19-17:[0.0, 0.0, 0.0, 0.0, 0.0, 0.0, 1.5, 0.0, 0.0]
40-21-20:[0.0, 0.0, 4.0, 0.0, 0.0, 0.0, 0.0, 0.0, 0.0]
27-19-20:[0.0, 0.0, 0.0, 0.0, 0.0, 1.5, 0.0, 0.0, 0.0]
27-19-21:[0.0, 1.5, 0.0, 0.0, 0.0, 0.0, 0.0, 0.0, 0.0]
48-22-7:[0.0, 0.0, 0.0, 1.5, 0.0, 0.0, 0.0, 0.0, 0.0]
60-25-21:[0.0, 0.0, -1.0, 0.0, 0.0, 0.0, 0.0, 0.0, 0.0]
72-14-10:[0.0, 0.0, -1.5, 0.0, 0.0, 0.0, 0.0, 0.0, 0.0]
66-14-20:[0.0, 0.0, 0.0, 1.5, 0.0, 0.0, 0.0, 0.0, 0.0]
60-15-29:[0.0, 1.5, 0.0, 0.0, 0.0, 0.0, 0.0, 0.0, 0.0]
60-15-28:[0.0, 1.5, 0.0, 0.0, 0.0, 0.0, 0.0, 0.0, 1.5]
50-30-20:[0.0, 0.0, 0.0, 2.85, 0.0, 0.0, 0.0, 0.0, 0.0]
60-15-27:[0.0, 1.5175, 0.0, 0.0, 0.0, 0.0, 0.0, 0.0, 4.2787500000000005]
60-15-26:[0.0, -1.0, 0.0, 0.0, 0.0, 0.0, 0.0, 0.3500000000000001, 0.0]
60-15-24:[0.0, 1.5, 0.0, 0.0, 0.0, 0.0, 0.0, 0.0, 0.0]
60-15-23:[0.0, 1.5, 0.0, 0.0, 0.0, 4.196625000000001, 0.0, 0.0, 0.0]
60-15-22:[0.0, 0.0, 0.0, 0.0, 0.0, 1.5, 0.0, 0.0, 4.446625]
60-15-21:[0.0, 0.0, 0.0, 0.0, 0.0, 0.0, 8.565625, 1.5, 0.0]
60-15-20:[0.0, 0.0, 0.0, 0.0, 2.94315, 0.0, 0.0, 2.0700000000000003, 0.0]
63-15-28:[0.0, 1.5, 0.0, 0.0, 1.5750000000000002, 0.0, 0.0, 0.0, 0.0]
48-11-8:[0.0, 0.0, 0.0, 0.0, 0.0, 0.0, 2.85, 0.0, 0.0]
140-17-32:[0.0, 0.0, 0.0, 0.0, 0.0, 0.0, 0.0, 0.0, 1.5]
48-11-9:[0.0, 0.0, 0.0, 0.0, 2.85, 0.0, 0.0, 0.0, 0.0]
154-24-0:[0.0, 0.0, 0.0, 0.0, 0.0, 0.0, 0.0, 2.85, 0.0]
33-21-18:[0.0, 0.0, 0.0, 0.0, 0.0, 1.5, 0.0, 0.0, 0.0]
48-11-7:[0.0, 0.0, 0.0, 0.0, 0.0, 0.0, 2.6, 0.0, 0.0]
60-27-13:[0.0, 1.5, 0.0, 0.0, 0.0, 0.0, 0.0, 0.0, 0.0]
18-56-31:[0.0, 1.5, 0.0, 0.0, 0.0, 0.0, 0.0, 0.0, 0.0]
60-15-19:[0.4962500000000001, 0.0, 0.0, 0.0, 1.5, 0.0, 0.0, 0.0, 0.0]
18-56-32:[0.0, 1.5, 0.0, 0.0, 0.0, 0.0, 0.0, 0.0, 0.0]
77-11-19:[0.0, 0.0, 0.0, 0.0, 0.0, 0.0, 1.5, 0.0, 0.0]
154-14-29:[0.0, 0.0, 0.0, 0.0, 2.9250000000000003, 0.0, 0.0, 0.0, 0.0]
66-12-19:[0.0, 0.0, 0.0, 0.0, 0.0, 0.0, 1.5, 0.0, 0.0]
36-29-33:[1.5, 0.0, 0.0, 0.0, 0.0, 0.0, 0.0, 0.4175000000000002, 0.0]
24-11-33:[0.0, 1.5, 1.5, 0.0, 0.0, 0.0, 0.0, 0.0, 0.0]
27-17-2:[0.0, 0.0, 0.0, 0.0, 0.0, 0.0, 0.0, 0.0, 0.0]
24-11-34:[0.0, 0.0, -0.8574999999999999, 0.0, 0.0, 0.0, 0.0, 0.0, 0.0]
27-20-21:[0.0, 1.5, 0.0, 0.0, 0.0, 0.0, 0.0, 0.0, 0.0]
126-19-35:[0.0, 0.0, 0.0, 0.0, 0.0, 0.0, 0.0, 0.0, 0.0]
30-21-21:[0.0, 0.0, 6.0, 0.0, 0.0, 0.0, 0.0, 0.0, 0.0]
27-20-22:[0.0, 1.95, 0.0, 0.0, 0.0, 0.0, 0.0, 0.0, 0.0]
48-23-6:[0.0, 0.0, 0.0, 1.5, 0.0, 0.0, 0.0, 0.0, 0.0]
24-11-35:[0.0, 0.0, 1.5, 0.0, 0.0, 0.0, 0.0, 0.0, 2.85]
30-21-22:[0.0, 0.0, -1.0, 0.0, 0.0, 0.0, 0.0, 0.0, 0.0]
60-16-14:[0.0, 0.0, 0.0, 0.0, 0.0, 0.0, 5.5648125, 1.5, 0.0]
36-10-2:[0.0, 0.0, 0.0, 0.0, 1.5, 0.0, 0.0, 0.0, 0.0]
39-29-33:[0.0, 0.0, 0.0, 0.0, 0.0, 0.0, 0.0, 0.0, 0.0]
50-29-20:[0.0, 0.0, 0.0, 0.0, 1.5, 0.0, 0.0, 0.0, 0.0]
56-15-30:[0.0, 0.0, 0.0, 2.85, 0.0, 0.0, 0.0, 0.0, 0.0]
56-15-31:[0.0, 0.0, 0.0, 0.0, 0.0, 0.0, 0.0, 0.0, 0.0]
40-17-2:[1.0, 0.0, 0.0, 0.0, 0.0, 0.0, 0.0, 0.0, 0.0]
18-55-31:[0.0, 0.0, 0.0, 0.0, 0.0, 0.0, 0.0, 0.0, 0.0]
65-14-10:[0.0, 1.5750000000000002, 1.5, 0.0, 0.0, 0.0, 0.0, 0.0, 0.0]
56-14-29:[0.0, 0.0, 0.0, 0.0, 0.0, 1.3508750000000007, 0.0, 0.0, 0.0]
8-14-13:[0.0, 0.0, 1.0, 0.0, 0.0, 0.0, 0.0, 0.0, 0.0]
40-17-1:[0.0, 0.0, 0.0, 0.0, 0.0, 4.1325, -1.0, 0.0, 0.0]
55-15-20:[0.0, 0.0, 0.0, 0.0, 0.0, 0.0, 0.0, 0.0, 0.0]
40-17-0:[0.0, 0.0, 0.0, 0.0, 0.0, 1.5, 0.0, 0.0, 1.5]
63-14-33:[0.0, 0.0, 0.0, 0.0, 0.0, 0.0, 0.0, 0.0, 0.0]
117-11-30:[0.0, 0.0, 0.0, 0.0, 0.0, 0.0, 0.0, 0.0, 0.0]
150-62-23:[0.0, 0.0, 0.0, 0.0, 0.0, 0.0, 0.0, 0.0, 0.0]
48-12-9:[0.0, 0.0, 0.0, 0.0, 1.5, 0.0, 0.0, 0.0, 0.0]
55-28-2:[0.0, 0.0, 0.0, 0.0, 0.0, 0.0, 0.0, 0.0, 0.0]
24-10-35:[0.0, -1.0, 0.0, 0.0, 0.0, 0.0, 0.0, 0.0, 0.0]
24-10-34:[0.0, 1.5, 0.0, 0.0, 0.0, 0.0, 0.0, 0.0, 0.0]
56-14-30:[0.0, 0.0, 0.0, 2.85, 0.0, 0.0, 0.0, 0.0, 0.0]
66-13-20:[0.0, 0.0, 0.0, 5.0, 0.0, 0.0, 4.0, 0.0, 0.0]
9-46-25:[0.0, 0.0, 0.0, 0.0, 0.0, 0.0, 0.0, 0.0, -1.0]
60-26-21:[0.0, 0.0, 2.85, 0.0, 0.0, 0.0, 0.0, 0.0, 0.0]
130-10-21:[0.0, 0.0, 0.0, 0.0, 0.0, 0.0, 0.0, 0.0, 0.0]
39-28-34:[0.0, 0.0, 0.0, 0.0, 1.5750000000000002, 0.0, 0.0, 0.0, 0.0]
39-28-33:[0.0, 0.0, 0.0, 0.0, 2.9962500000000003, 0.0, 0.0, 1.5, 0.0]
8-47-26:[0.0, 2.5, 0.0, 0.0, 0.0, 0.0, 0.0, 3.625, 0.0]
10-15-12:[0.0, 0.0, 0.0, 1.5, 1.5, 0.0, 0.0, 0.0, 0.0]
50-17-34:[0.0, 0.0, 0.0, 0.0, -0.8674999999999997, 0.0, 0.0, 0.0, 0.0]
60-15-31:[0.0, 1.6425, 1.5, 0.0, 0.0, 0.0, 0.0, 0.0, 0.0]
60-15-30:[0.0, 1.5, 2.85, 0.0, 0.0, 0.0, 0.0, 0.0, 0.0]
30-17-2:[0.0, 0.0, 0.0, -1.5, 0.0, 0.0, 0.0, 0.0, 0.0]
48-16-14:[0.0, 0.0, 0.0, 0.0, 1.5, 0.0, 0.0, 0.0, 0.0]
36-41-34:[0.0, 1.5, 0.0, 0.0, 0.0, 0.0, 0.0, 0.0, 0.0]
48-24-6:[0.0, 0.0, 0.0, 0.5, 0.0, 0.0, 0.0, 0.0, 0.0]
135-19-7:[0.0, -1.0, 0.0, 0.0, 0.0, 0.0, 0.0, 0.0, 0.0]
39-17-33:[0.0, 0.0, 0.0, 0.0, 0.0, 0.0, 0.0, 1.5, 0.0]
165-12-32:[0.0, 0.0, 0.0, 0.0, 0.0, 0.0, 0.0, 0.0, 1.5]
36-30-33:[2.85, 0.0, 0.0, 0.0, 0.0, 0.0, 0.0, 0.0, 0.0]
27-54-30:[0.0, 0.0, 0.0, 0.0, 0.0, 0.0, 1.5, 0.0, 0.0]
140-18-33:[0.0, 0.0, 0.0, 0.0, 0.0, 0.0, 0.0, 0.0, 1.5]
10-20-15:[0.0, 0.0, 0.0, 0.0, 0.0, 1.5, 1.975, 0.0, 0.0]
10-20-14:[0.0, 0.0, 0.0, 0.0, 0.0, 2.9250000000000003, 0.0, 0.0, 0.0]
18-57-32:[0.0, 0.0, 0.0, 0.0, 1.5, 0.0, 0.0, 0.0, 0.0]
56-13-35:[0.0, 0.0, 1.5, 0.0, 0.0, 0.0, 0.0, 0.0, 0.0]
56-13-34:[0.0, 0.0, 1.5, 0.0, 0.0, 0.0, 0.0, 0.0, 0.0]
8-13-21:[0.0, 2.9962500000000003, 1.5, 0.0, 0.0, 0.0, 0.0, 0.0, 0.0]
8-13-20:[0.0, 0.0, 1.5, 0.0, 0.0, 0.0, 0.0, 0.0, 0.0]
35-14-31:[0.0, 0.0, 0.0, 0.0, 0.0, 0.0, 0.0, 0.0, 0.0]
27-15-21:[0.0, 0.0, 5.0, 0.0, 0.0, 0.0, 0.0, 0.0, 0.0]
8-13-22:[0.0, 0.0, 0.0, 0.0, 0.0, 0.0, 5.5648125, 0.0, 0.0]
48-14-27:[7.3028685890625, 0.0, 0.0, 3.213375, 0.0, 0.0, 0.0, 0.0, 4.16066875]
48-14-28:[0.7139375000000001, 0.0, 0.0, 0.0, 0.0, 0.0, 0.0, 0.0, 0.0]
48-14-26:[5.5648125, 0.0, 0.0, 0.0, 0.0, 0.0, 0.0, 0.0, 4.70146021875]
36-42-35:[0.0, 1.5, 0.0, 0.0, 0.0, 0.0, 0.0, 0.0, 0.0]
88-14-33:[0.0, 0.0, -2.5, -1.5, 0.0, 0.0, 0.0, 0.0, 0.0]
24-12-35:[0.0, 0.0, 0.0, 0.0, 0.0, 0.0, 0.0, 0.0, 1.5]
156-18-35:[0.0, 0.0, 1.5, 0.0, 0.0, 0.0, 0.0, 0.0, 0.0]
108-19-35:[0.0, 0.0, 0.0, -2.5, -1.5, -2.5, -1.5, 0.0, 0.0]
60-17-14:[0.0, 0.0, 0.0, 0.0, 0.0, 0.0, 0.0, 1.5, 0.0]
165-11-32:[0.0, 0.0, 0.0, 0.0, 0.0, 0.0, 2.9250000000000003, 0.0, 0.0]
50-17-2:[0.0, 0.0, 0.0, 0.0, 0.0, 0.0, 0.0, 0.0, 0.0]
72-7-21:[1.5, 0.0, 0.0, 0.0, 0.0, 0.0, 0.0, 0.6, 0.0]
60-28-20:[0.0, 0.0, 1.5, 0.0, 0.0, 0.0, 0.0, 0.0, 0.0]
50-31-20:[1.5, 0.0, 0.0, 1.5, 0.0, 0.0, 0.0, 0.0, 0.0]
39-22-33:[0.0, 0.0, 0.0, 0.0, 0.0, 8.3825, 0.0, 0.0, 0.0]
78-17-8:[0.0, 0.0, 0.0, 0.0, 0.0, 0.0, -3.4, 0.0, 0.0]
154-21-33:[0.0, 2.85, 0.0, 0.0, 0.0, 0.0, 0.0, 0.0, 0.0]
154-21-32:[0.0, 0.0, 0.0, 2.85, 0.0, 0.0, 0.0, 0.0, 0.0]
154-21-34:[0.0, 1.5, 0.0, 0.0, 0.0, 0.0, 0.0, 0.0, 0.0]
176-13-32:[0.0, 0.0, 0.0, 0.0, 0.0, 0.0, 0.0, 0.0, 2.85]
40-23-20:[0.0, 0.0, 0.0, 1.5, 0.0, 0.0, 0.0, 0.0, 0.0]
26-11-17:[0.0, 0.0, 0.0, 0.0, 0.0, 0.0, 1.0, 0.0, 0.0]
168-21-1:[2.85, 0.0, 0.0, 0.0, 0.0, 0.0, 0.0, 0.0, 0.0]
60-17-26:[0.0, 0.0, 0.0, 0.0, 0.0, 0.0, 0.0, 1.5, 0.0]
18-21-2:[0.0, 0.0, 0.0, 0.0, 0.0, 0.0, 0.0, -1.0, 0.0]
182-14-10:[0.0, 0.0, 0.0, 2.9250000000000003, 0.0, 0.0, 1.5, 0.0, 0.0]
30-14-33:[1.5, 0.0, 0.0, 0.0, 0.0, 0.0, 0.0, 0.0, 0.0]
11-13-31:[0.0, 0.0, 0.0, 0.0, 0.0, 0.0, 0.0, 0.0, 0.0]
30-14-31:[0.0, 0.0, 0.0, 0.0, -1.5, 0.0, 0.0, -2.5, 0.0]
117-26-0:[0.0, 0.0, 0.0, 4.075, 0.0, 1.5, 0.0, 3.7037500000000003, 0.0]
16-47-26:[0.0, 0.0, 0.0, 0.0, 0.0, 0.0, 0.0, 0.0, 0.0]
48-15-13:[0.0, 0.0, 0.0, 0.0, 0.0, 0.0, 0.0, -1.0, 0.0]
150-19-7:[0.0, 0.0, 0.0, 0.0, 0.0, 0.0, 0.0, 0.0, 0.0]
182-14-11:[0.0, 0.0, 0.0, 0.0, 0.0, 0.0, 1.5, 0.0, 0.0]
130-19-34:[0.0, 0.0, 1.5, 0.0, 0.0, 0.0, 0.0, 0.0, 0.0]
33-16-14:[0.0, 0.0, 0.0, 0.0, 0.0, 0.0, 0.0, -1.0, 0.0]
143-26-0:[-2.5, 0.0, 0.0, -1.5, 0.0, 0.0, 0.0, 0.0, 0.0]
154-8-3:[0.0, 0.0, 0.0, 0.0, 0.0, 0.0, 0.0, 0.0, 1.5]
154-8-4:[0.0, 0.0, 0.0, 0.0, 0.0, 0.0, 0.0, -1.15, 0.0]
60-16-26:[0.0, 0.0, 0.0, 0.0, 0.0, 0.0, 0.0, 1.5, 0.0]
36-31-33:[1.5, 0.0, 0.0, 0.0, 0.0, 0.0, 0.0, 0.0, 0.0]
27-16-20:[0.0, 0.0, 4.0, 0.0, 0.0, 1.5, 0.0, 0.0, 0.0]
130-19-35:[0.0, 0.0, 1.5, 0.0, 0.0, 0.0, 0.0, 0.0, 0.0]
10-19-14:[0.0, 0.0, 0.0, 4.1325, 0.0, 0.0, 0.0, 0.0, 0.0]
10-19-13:[0.0, 0.0, 0.0, 1.5, 0.0, 0.0, 0.0, 0.0, 0.0]
56-13-29:[0.0, 1.506625, 1.706625, 0.0, 5.350875, 0.0, 0.0, 0.0, 0.0]
56-13-28:[0.0, 2.93129375, 1.7675437500000002, 0.0, 0.13250000000000028, 0.0, 0.0, 0.0, 0.0]
20-17-14:[0.0, 0.0, 0.0, -1.0, 0.0, 0.0, 0.0, 0.0, 0.0]
28-17-2:[-1.5, 0.0, 0.0, 0.0, 0.0, 0.0, -2.5, 0.0, 0.0]
54-14-33:[0.0, 0.0, 0.0, 0.0, 0.0, 0.0, 0.0, 1.5, 0.0]
25-17-2:[0.0, 0.0, 0.0, -2.5, 0.0, 0.0, 0.0, 0.0, 0.0]
33-16-17:[0.0, 0.0, 0.0, 0.0, 0.0, 0.0, 0.0, -1.0, 0.0]
32-47-26:[0.0, 0.0, 0.0, 0.0, 0.0, 0.0, 0.0, 0.0, 0.0]
63-13-8:[0.0, 0.0, 0.0, 0.0, 1.5, 0.0, 0.0, 0.0, 0.0]
63-13-9:[0.0, 0.0, 0.0, 0.0, 2.9250000000000003, 0.0, 0.0, 1.5, 0.0]
168-22-0:[1.5, 0.0, 0.0, 0.0, 0.0, 0.0, 0.0, 0.0, 0.0]
70-14-33:[0.0, 0.0, 0.0, 0.0, 0.0, 0.0, 0.0, 0.0, 0.0]
40-35-18:[1.5, 0.0, 0.0, 0.0, 0.0, 0.0, 0.0, 0.0, 0.0]
44-19-19:[0.0, 0.0, 0.0, 1.5, 0.0, 0.0, 0.0, 0.0, 0.0]
60-28-12:[0.0, 1.5, 0.0, 0.0, 0.0, 0.0, 0.0, 0.0, 0.0]
56-13-33:[0.0, 0.0, 0.0, 0.0, 2.5083312500000003, 0.0, 0.0, 0.0, 0.0]
56-13-32:[0.0, 0.7098312500000001, 1.5750000000000002, 0.0, 6.5746625000000005, 0.0, 0.0, 1.5, 0.0]
56-13-31:[0.0, 1.706625, 0.0, 0.0, 0.0, 0.0, 0.0, 4.196625000000001, 1.5]
56-13-30:[0.0, 2.4358725000000003, 1.5750000000000002, 0.0, 0.0, 0.0, 0.0, 0.0, 4.1325]
63-13-2:[0.0, 0.0, 0.0, 1.6325000000000003, 0.0, 0.0, 0.0, 0.0, 0.0]
104-13-13:[0.0, 0.0, 0.0, 0.0, 0.0, 0.0, 1.0, 0.0, 0.0]
30-12-32:[8.6, 0.0, 0.0, 0.0, 0.0, 0.0, 0.0, 0.0, 0.0]
10-18-13:[0.0, 0.0, 0.0, -0.6174999999999999, 0.0, 0.0, 0.0, 0.0, 0.0]
30-12-31:[0.0, 0.0, 0.0, 0.0, 0.0, 0.0, 4.1325, 0.0, 0.0]
60-30-20:[1.5, 0.0, 0.0, 0.0, 0.0, 0.0, 0.0, 0.0, 0.0]
30-12-30:[0.0, 0.0, 0.0, 0.0, 0.0, 0.0, 4.1325, 0.0, 0.0]
40-12-30:[0.0, 1.5, 0.0, 0.0, 0.0, 0.0, 0.0, 0.0, 0.0]
30-12-34:[1.5, 0.0, 0.0, 0.0, 0.0, 0.0, 0.0, 0.0, 0.0]
55-18-33:[2.85, 0.0, 0.0, 0.0, 0.0, 0.0, 0.0, 0.0, 0.0]
30-12-33:[1.5, 0.0, 0.0, 0.0, 0.0, 0.0, 0.0, 0.0, 0.0]
40-12-33:[0.0, 1.5, 1.5, 0.0, 0.0, 0.0, 0.0, 0.0, 0.0]
54-14-23:[1.5, 0.0, 0.0, 0.0, 0.0, 0.0, 0.0, 0.0, 0.0]
48-13-13:[0.0, 0.0, 0.0, 0.0, 0.0, 2.9175000000000004, 1.5, 0.0, 0.0]
48-13-12:[0.0, 0.0, 0.0, 0.0, 0.0, 0.0, 2.85, 0.0, 0.0]
33-18-17:[0.0, 0.0, 0.0, 0.0, 0.0, 0.0, 1.5, 1.5, 0.0]
66-26-0:[-2.5, 0.0, 0.0, 0.0, 0.0, -1.5, 0.0, 0.0, 0.0]
48-30-7:[0.0, 0.0, 0.0, 0.0, 0.0, 0.0, 0.0, 0.5, 0.0]
30-12-29:[0.0, 0.0, 0.0, 0.0, 0.0, 0.0, 2.85, 0.0, 0.0]
60-18-27:[0.0, 0.0, 0.0, 0.0, 0.0, 0.0, 0.0, 2.85, 0.0]
30-12-28:[0.0, 2.85, 0.0, 0.0, 0.0, 0.30867500000000003, 0.0, 0.0, 0.0]
22-13-31:[0.0, 0.0, -1.5, 0.0, 0.0, 0.0, 0.0, -2.5, 0.0]
30-12-27:[0.0, 0.0, 0.0, 0.0, 0.0, 10.780875000000002, 0.0, 0.0, 0.0]
40-12-27:[0.0, 0.0, 0.0, 0.0, 0.0, 2.85, 0.0, 0.0, 0.0]
40-12-28:[0.0, 0.0, 0.0, 0.0, 0.0, 0.0, 0.0, 0.0, 1.5]
40-12-29:[0.0, 1.5, 0.0, 0.0, 0.0, 0.0, 0.0, 0.0, 0.0]
165-10-36:[0.0, 0.0, 0.0, -1.0, 0.0, 0.0, 0.0, 0.0, 0.0]
40-12-25:[0.0, 0.0, 0.0, 0.0, 0.0, 1.5, 0.0, 0.0, 0.0]
40-12-26:[0.0, 0.0, 0.0, 0.0, 0.0, 1.5, 0.0, 0.0, 0.0]
165-10-34:[0.0, 0.0, 0.0, 0.0, 1.5, 0.0, 0.0, 0.0, 0.0]
165-10-35:[0.0, 0.0, 0.0, 1.5, 0.0, 0.0, 0.0, 0.0, 0.0]
99-14-33:[0.0, 0.0, 0.0, 0.0, 0.0, 0.0, 0.0, 0.0, 0.0]
165-10-33:[0.0, 0.0, 0.0, 0.0, -1.0, 0.0, 1.5, 0.0, 0.0]
44-20-19:[0.0, 0.0, 0.0, 4.1325, 0.0, 0.0, 0.0, 0.0, 0.0]
48-36-27:[0.0, -1.5, -2.5, 0.0, 0.0, 0.0, 0.0, 0.0, 0.0]
165-10-1:[0.0, 0.0, 0.0, 1.5, 0.0, 0.0, 0.0, 0.0, 1.5]
168-24-36:[0.0, 0.0, 0.0, 0.0, 0.0, 0.0, 0.0, 0.0, 0.0]
24-14-33:[0.0, -1.5, 0.0, 0.0, -2.5, 0.0, -1.0, -2.5, -1.5]
24-14-31:[0.0, 0.0, 0.0, 0.0, 0.0, 0.0, 0.0, 0.0, 0.0]
63-12-4:[0.0, 0.0, 5.0, 0.0, 0.0, 0.0, 0.0, 0.0, 0.0]
63-12-5:[0.0, 0.0, 1.5, 0.0, 0.0, 0.0, 0.0, 0.0, 0.0]
156-17-36:[0.0, 0.0, 1.5, 0.0, 0.0, 0.0, 0.0, 0.0, 0.0]
24-17-2:[0.0, 0.0, -1.0, 0.0, 0.0, -2.5, 0.0, 0.0, -1.5]
63-12-7:[0.0, 0.0, 0.0, 0.0, 1.5750000000000002, 0.0, 0.0, 0.0, 0.0]
63-12-8:[0.0, -2.0, 0.0, 0.0, 2.9250000000000003, 0.0, 0.0, 0.0, 0.0]
168-23-0:[0.0, 0.0, 0.0, 0.0, 0.0, 0.0, 0.0, 1.5, 0.0]
130-27-0:[5.7479071875, 0.0, 0.0, 0.0, 0.0, 3.1086558234375, 0.0, 2.9250000000000003, 0.0]
36-32-33:[0.0, 0.0, 0.0, 0.0, 0.0, 0.0, 0.0, 1.5, 0.0]
45-36-27:[0.0, 0.0, 0.0, 0.0, 0.0, 0.0, 0.0, 0.0, 0.0]
27-17-20:[0.0, 0.0, 0.0, 0.0, 0.0, 1.5, 0.0, 0.0, 0.0]
9-43-25:[0.0, 0.0, 0.0, 0.0, 0.0, 0.0, 0.0, 0.0, 0.0]
63-12-3:[0.0, 0.0, 2.5, 0.0, 0.0, 0.0, 0.0, 0.0, 0.0]
143-19-35:[-2.5, 0.0, 0.0, 0.0, 0.0, 0.0, -1.5, 0.0, 0.0]
3-13-21:[0.0, 0.0, 0.0, 0.0, 0.0, 0.0, 0.0, 0.0, 0.0]
50-32-20:[0.0, 0.0, 1.5, 1.5750000000000002, 0.0, 0.0, 0.0, 0.0, 0.0]
30-13-24:[2.85, 0.0, 0.0, 0.0, 0.0, 0.0, 0.0, 0.0, 0.0]
30-13-23:[1.5, 0.0, 0.0, 0.0, 0.0, 0.0, 0.0, 0.0, 0.0]
150-24-36:[0.0, 0.0, 0.0, 0.0, 0.0, -2.5, 0.0, 0.0, 0.0]
54-13-32:[0.0, 0.0, 0.0, 0.0, 0.0, 0.0, 1.5, 1.5, 0.0]
44-21-18:[0.0, 0.0, 0.0, 0.0, 0.0, 2.85, 0.0, 0.0, 0.0]
84-17-33:[1.5, 0.0, 0.0, 0.0, 0.0, 0.0, 0.0, 0.0, 0.0]
150-17-6:[1.5, 0.0, 0.0, 0.0, 0.0, 0.0, 0.0, 0.0, 0.0]
24-13-31:[0.0, 0.0, 0.0, 0.0, 0.0, 0.0, 0.0, 0.0, 0.0]
176-12-32:[0.0, 0.0, 0.0, 0.0, 0.0, 0.0, 0.0, 0.0, 1.5]
140-15-30:[0.0, 0.0, 0.0, 0.0, 0.0, 0.0, 0.0, 0.0, 0.0]
33-17-17:[0.0, 0.0, 0.0, 0.0, 0.0, 0.0, 0.0, -1.0, 0.0]
40-22-20:[0.0, 0.0, 0.0, 2.85, 0.0, 0.0, 0.0, 0.0, 0.0]
150-17-5:[-1.0, 0.0, 0.0, 0.0, 0.0, 0.0, 0.0, 0.0, 0.0]
195-15-11:[0.0, -2.0, 0.0, 1.7787500000000003, 0.0, 0.0, 0.0, 0.0, 0.0]
195-15-10:[0.0, 1.5, 0.0, 0.0, 0.0, 0.0, 0.0, 0.0, 0.0]
154-27-0:[0.0, 0.0, 0.0, 0.0, 0.0, 0.0, 0.0, 2.85, 0.0]
16-15-28:[0.0, 1.0, 0.0, 0.0, 0.0, 0.0, 0.0, 0.0, 0.0]
60-29-12:[0.0, 0.0, 0.0, -1.0, 0.0, 0.0, 0.0, 0.0, 0.0]
120-19-35:[0.0, 0.0, 0.0, 0.0, 0.0, 0.0, 0.0, 0.0, 0.0]
30-13-33:[1.5, 0.0, 0.0, 0.0, 0.0, 0.0, 0.0, 0.0, 0.0]
30-13-32:[-1.0, 0.0, 0.0, 0.0, 0.0, 0.0, 0.0, 0.0, 0.0]
18-58-33:[0.0, 0.0, 0.0, 0.0, -1.0, 0.0, 0.0, 0.0, 0.0]
77-9-17:[0.0, 0.0, 0.0, 0.3500000000000001, 0.0, 0.0, 0.0, 0.0, 0.0]
30-13-31:[0.0, 0.0, 0.0, 0.0, 0.0, 0.0, 0.0, 0.0, 0.0]
60-30-12:[0.0, 0.0, 0.0, 0.0, 0.0, 0.0, 0.0, 0.0, 0.0]
55-18-20:[0.0, 0.0, 0.0, 1.5, 0.0, 0.0, 0.0, 0.0, 0.0]
39-20-33:[0.0, 0.0, 0.0, 0.0, 0.0, 1.5, 0.0, 0.0, 0.0]
54-13-24:[0.0, 0.0, 0.0, 0.0, 0.0, 0.0, 0.0, -1.0, 0.0]
77-9-18:[0.0, 0.0, 0.0, 0.0, 0.0, 0.0, 0.0, 0.0, 0.0]
8-11-17:[0.0, 0.0, 0.0, 0.0, 0.0, 0.0, 0.0, 0.0, 0.0]
48-8-4:[0.0, 0.0, 0.0, 0.0, 0.0, 0.0, 0.0, 0.0, 0.0]
24-13-36:[0.0, 0.0, 0.0, 0.0, 0.0, 0.0, 0.0, 0.0, 1.5]
63-11-7:[0.0, 0.0, 1.5, 0.0, 0.0, 0.0, 0.0, 0.0, 0.0]
63-11-8:[0.0, 4.1325, 0.0, 0.0, 0.0, 0.0, 0.0, 0.0, 0.0]
72-8-23:[2.85, 0.0, 0.0, 0.0, 0.0, 0.0, 0.0, 0.0, 0.0]
60-18-15:[0.0, 0.0, 0.0, 0.0, 0.0, 0.0, 0.0, 2.85, 0.0]
55-13-3:[0.0, 1.5, 0.0, 2.9250000000000003, 0.0, 0.0, 0.0, 0.0, 0.0]
55-13-4:[0.0, 1.5, 0.0, 0.0, 0.0, 0.0, 0.0, 0.0, 0.0]
72-8-22:[1.5, 0.0, 0.0, 0.0, 0.0, 0.0, 0.0, 0.0, 0.0]
24-47-26:[0.0, 0.0, 0.0, 0.0, 0.0, 0.0, 0.0, 0.0, 0.0]
55-13-0:[0.0, 0.0, 0.0, 0.0, 0.0, 0.0, 0.0, 0.6, 0.0]
20-20-15:[0.0, 0.0, 0.0, 0.0, 0.0, 0.0, 1.5, 0.0, 0.0]
84-15-33:[0.0, 0.0, 0.0, 0.0, 8.3825, 0.0, 0.0, 0.0, 0.0]
25-14-31:[0.0, 0.0, 0.0, 0.0, 0.0, 0.0, 0.0, 0.0, 0.0]
60-26-0:[0.0, 2.5, 0.0, 0.0, 0.0, 0.0, 0.0, 0.0, 0.0]
33-14-13:[0.0, 1.5, 0.0, 2.9175000000000004, 0.0, 0.0, 0.0, 0.0, 0.0]
32-15-10:[0.0, 1.5, 0.0, 0.0, 0.0, 0.0, 0.0, 0.0, 0.0]
195-16-5:[0.0, 0.0, 0.0, 0.0, 0.0, 0.0, 6.44, 0.0, 0.0]
50-34-18:[0.0, 0.0, 1.5, 0.0, 0.0, 0.0, 0.0, 0.0, 0.0]
36-33-33:[0.0, 0.0, 0.0, 0.0, 0.0, 0.0, 0.0, 1.5, 0.0]
40-13-35:[0.0, 0.0, 1.5, 0.0, 0.0, 0.0, 0.0, 0.0, 0.0]
40-13-31:[0.0, 0.0, 0.0, 0.0, 0.0, 0.0, 0.0, 0.0, 0.0]
40-13-33:[0.0, 0.0, -4.4, 0.0, 0.0, 0.0, 0.0, 0.0, 0.0]
20-19-15:[0.0, 0.0, 0.0, 0.0, 0.0, 0.0, 1.5, 0.0, 0.0]
40-13-34:[0.0, 0.0, 1.5, 0.0, 0.0, 0.0, 0.0, 0.0, 0.0]
18-14-31:[0.0, 0.0, 0.0, 0.0, 0.0, 0.0, 0.0, 0.0, 0.0]
60-20-27:[0.0, 0.0, 0.0, 0.0, 0.0, 0.0, 1.5, 0.0, 0.0]
60-20-26:[0.0, 0.0, 0.0, 0.0, 0.0, 0.0, 1.5, 0.0, 0.0]
33-14-16:[0.0, 1.5, 0.0, 0.0, 0.0, 0.0, 0.0, 0.0, 0.0]
33-14-14:[0.0, 0.0, 0.0, 2.85, 0.0, 0.0, 0.0, 0.0, 0.0]
33-14-15:[0.0, 1.5, 0.0, 0.0, 0.0, 0.0, 0.0, 0.0, 0.0]
48-9-3:[0.0, 0.0, 0.0, 0.0, 1.5, 0.0, 0.0, 0.0, 0.0]
54-12-28:[0.0, 0.0, 0.0, 9.8825, 0.0, 0.0, 0.0, 0.0, 0.0]
32-14-31:[0.0, 0.0, 0.3500000000000001, 0.0, 0.0, 0.0, 0.0, 1.5750000000000002, 0.0]
80-14-33:[0.0, 0.0, 0.0, -2.5, 0.0, -1.5, 0.0, 0.0, 0.0]
48-29-6:[0.0, 0.0, 0.0, 0.0, 0.0, 0.0, 0.0, -1.0750000000000002, 0.0]
40-13-28:[0.0, 0.0, 0.0, 0.0, 0.0, 0.0, 0.0, 0.0, 2.85]
40-13-29:[0.0, 0.0, 0.0, 5.350875, 0.0, 0.0, 0.0, 0.0, -1.0]
40-13-25:[1.5, 0.0, 0.0, 0.0, 0.0, 0.0, 0.0, 0.0, 0.0]
77-8-16:[0.0, 0.0, 0.0, 0.0, 0.0, 0.0, 0.0, 0.0, 1.5]
77-8-15:[0.0, 0.0, 0.0, 0.0, 0.0, 0.0, 0.0, 0.0, -1.0]
26-14-25:[0.0, 1.5, 0.0, 0.0, 0.0, 0.0, 0.0, 0.0, 0.0]
143-21-32:[0.0, 0.0, 0.0, 2.85, 0.0, 0.0, 0.0, 0.0, 0.0]
60-14-7:[0.0, 0.0, 0.0, 0.0, 0.0, 0.0, 0.0, 0.0, 0.0]
78-14-10:[0.0, 0.0, 0.0, 0.0, 0.0, 0.0, 0.0, 0.0, 0.0]
165-10-0:[0.0, 0.0, 0.0, 1.5, 0.0, 0.0, 0.0, 0.0, 0.0]
60-19-15:[0.0, 1.5, 0.0, 0.0, 0.0, 0.0, 0.0, 0.0, 0.0]
135-20-8:[0.0, 1.5, 0.0, 0.0, 0.0, 0.0, 0.0, 0.0, 0.0]
40-26-20:[0.0, 0.0, 0.0, 0.0, 0.0, 0.0, 0.0, 0.0, 1.5]
156-21-32:[0.0, 0.0, 2.85, 0.0, 0.0, 0.0, 0.0, 0.0, 0.0]
156-21-35:[0.0, 0.0, 0.0, 1.5, 0.0, 0.0, 0.0, 0.0, 0.0]
72-19-33:[0.0, 0.0, 0.0, 0.0, 0.0, 0.0, 3.5, 0.0, 0.0]
64-14-7:[0.0, 0.0, 0.0, 0.0, 0.0, 0.0, 0.0, 0.0, 0.0]
48-12-18:[0.0, 0.0, 0.0, 0.0, 1.5, 0.0, 0.0, 0.0, 0.0]
39-24-33:[0.0, 0.0, 0.0, 0.0, 0.0, 0.0, 0.0, 1.5, 0.0]
48-12-12:[0.0, 0.0, 0.0, 0.0, 0.0, 0.0, 1.5, 0.0, 0.0]
176-16-34:[0.0, 0.0, 0.0, 0.0, 0.0, 0.0, 0.0, 0.6, 0.0]
48-12-10:[0.0, 0.0, 0.0, 0.0, 0.0, 1.5, 0.0, 0.0, 0.0]
84-16-33:[0.42500000000000004, 0.0, 0.0, 0.0, 1.5, 0.0, 0.0, 0.0, 5.58303171875]
48-12-11:[0.0, 0.0, 0.0, 0.0, 0.0, 0.6, 0.0, 0.0, 0.0]
24-16-1:[0.0, 1.5, 0.0, 0.0, 0.0, 0.0, 0.0, 0.0, 0.0]
77-14-33:[0.0, 0.0, 0.0, 0.0, -2.5, 0.0, 0.0, 0.0, -1.5]
33-13-31:[0.0, 0.0, 0.0, 0.0, 0.0, -2.5, 0.0, 0.0, -2.35]
112-62-23:[0.0, 0.0, 0.0, 0.0, 0.0, 0.0, 0.0, 0.0, 0.0]
60-20-14:[0.0, -1.0, 0.0, 0.0, 0.0, 0.0, 0.0, 0.0, 0.0]
60-19-27:[0.0, 0.0, 0.0, 0.0, 0.0, 0.0, 1.5, 0.0, 0.0]
39-13-34:[0.0, 0.0, 1.5, 0.0, 0.0, 0.0, 0.0, 0.0, 0.0]
130-26-0:[0.0, 0.0, 0.0, 0.0, 0.0, 0.0, -3.75, 0.0, 0.0]
39-13-33:[0.0, 0.0, 1.5, 1.5, 0.0, 0.0, 0.0, 0.0, 0.0]
50-33-19:[0.0, 0.0, 1.5, 0.0, 0.0, 0.0, 0.0, 0.0, 0.0]
36-34-33:[0.0, 0.0, 0.0, 0.0, 0.0, 0.0, 0.0, 2.85, 0.0]
66-19-33:[2.9250000000000003, 0.0, 0.0, 0.0, 0.0, 0.0, 5.481625, 0.0, 0.0]
30-20-7:[0.0, 0.0, 1.5, 0.0, 0.0, 0.0, 0.0, 0.0, 0.0]
180-14-6:[0.0, 0.0, 4.0, 0.0, 0.0, 0.0, 0.0, 0.0, 0.0]
40-15-29:[0.0, 0.0, 0.0, 0.0, 1.946625, 0.0, 0.0, 0.0, 1.5]
32-36-27:[0.0, 0.0, 0.0, 0.0, 0.0, 0.0, 1.5, 0.0, 0.0]
39-23-33:[0.0, 0.0, 0.0, 0.0, 0.0, 1.5, 0.0, 0.0, 0.0]
20-18-14:[0.0, 0.0, 0.0, 2.85, 0.0, 0.0, 0.0, 0.0, 0.0]
44-28-2:[0.0, 0.0, 0.0, 0.0, 0.0, 0.0, 0.0, 0.0, 0.0]
48-10-21:[0.0, 0.0, -1.0, 0.0, 0.0, 0.0, 0.0, 0.0, 0.0]
33-15-17:[0.0, 1.5, 0.0, 0.0, 0.0, 0.0, 0.0, 0.0, 0.0]
48-10-20:[0.0, 0.0, 1.5, 0.0, 0.0, 0.0, 0.0, 0.0, 0.0]
30-38-20:[1.5, 0.0, 0.0, 0.0, 0.0, 0.0, 0.0, 0.0, 0.0]
176-14-35:[0.0, 1.5, 0.0, 0.0, 0.0, 0.0, 0.0, 5.629115625000001, 1.5]
176-14-34:[0.0, 1.5, 0.0, 0.0, 0.0, 0.0, 0.0, 0.0, 0.0]
176-14-33:[0.0, 1.5, 0.0, 0.0, 0.0, 0.0, 0.0, 0.0, 0.0]
176-14-32:[0.0, 1.5, 0.0, 0.27892499999999965, 0.0, 0.0, 0.0, 0.0, 0.0]
40-24-20:[0.0, 0.0, 0.0, 1.5, 0.0, 0.0, 0.0, 0.0, 0.0]
135-21-9:[0.0, -1.0, 0.0, 0.0, 0.0, 0.0, 0.0, 0.0, 0.0]
91-14-33:[0.0, 0.0, 0.0, 0.0, 0.0, 0.0, 0.0, 0.0, 0.0]
42-13-4:[0.0, 1.0, 0.0, 0.0, 0.0, 0.0, 0.0, 0.0, 0.0]
28-47-26:[0.0, 0.0, 0.0, 0.0, 0.0, 0.0, 0.0, 0.0, 0.0]
48-10-19:[0.0, 0.0, 0.0, 0.0, 0.0, 2.85, 0.0, 0.0, 0.0]
30-0-0:[0.0, 0.0, 0.0, 0.0, 0.0, 0.0, 0.0, 0.0, 0.0]
84-14-33:[0.0, -0.8287559441406249, 0.0, 0.0, 4.819032093750001, 0.0, 13.424881117187502, 3.6153695093750007, 2.5083729402343757]
28-15-29:[0.0, 0.0, 1.5, 5.5648125, 0.0, 0.0, 0.0, 0.0, 0.0]
27-14-22:[0.0, 0.0, 1.5, 0.0, 0.0, 0.0, 0.0, 0.0, 0.0]
27-14-23:[6.890912416640626, 0.0, 1.5, 0.0, 3.1291156250000007, 0.0, 0.0, 0.0, 0.0]
50-13-13:[0.0, 0.0, 0.0, 0.0, 0.0, 0.0, 0.0, 0.0, 0.0]
32-16-10:[0.0, 0.0, 0.0, 0.0, -1.15, 0.0, 0.0, 0.0, 0.0]
28-15-30:[0.0, 0.0, 1.5, 0.0, 0.0, 0.0, 0.0, 0.0, 0.0]
182-17-4:[0.0, 0.0, 0.0, 0.0, 0.0, 0.0, 1.5, 0.0, 0.0]
60-22-12:[0.0, 1.5, 1.5, 0.0, 0.0, 0.0, 0.0, 0.0, 0.0]
154-19-35:[0.0, 0.0, 0.0, 0.0, 0.0, 0.0, 0.0, 0.0, 0.0]
50-35-18:[0.0, 0.0, 0.0, 0.0, 0.0, 0.0, 0.0, 0.0, 0.0]
72-18-33:[0.0, 0.0, 0.0, 0.0, 0.0, 0.0, -1.0, 0.0, 0.0]
180-26-0:[0.0, 0.0, 0.0, 0.0, 0.0, 0.0, 0.0, 0.0, 0.0]
130-14-31:[0.0, 1.5, 0.0, 0.0, 0.0, 0.0, 0.0, 0.0, 0.0]
130-14-30:[0.0, 1.5, 0.0, 0.0, 0.0, 0.0, 0.0, 0.0, 0.0]
156-20-35:[0.0, 0.0, 1.5, -1.0, 0.0, 0.0, 0.0, 0.0, 0.0]
30-21-7:[0.0, 0.0, 1.5, 0.0, 0.0, 0.0, 0.0, 0.0, 0.0]
48-11-19:[0.0, 0.0, 0.0, 0.0, 0.0, 0.3500000000000001, 0.0, 0.0, 0.0]
40-36-27:[0.0, 0.0, 0.0, 0.0, 0.0, 0.0, 0.0, 0.0, 0.0]
40-14-33:[1.5, 0.0, 0.0, 0.0, 0.0, 0.0, 0.0, 0.0, 0.0]
50-35-17:[0.0, 0.0, 1.5, 0.0, 0.0, 0.0, 0.0, 0.0, 0.0]
40-14-32:[0.0, 0.0, 1.5, 0.0, 0.0, 0.0, 0.0, 0.0, 0.0]
154-20-35:[0.0, 1.5, 0.0, -1.0, 0.0, 0.0, 0.0, 0.0, 0.0]
140-24-36:[0.0, 0.0, 0.0, 0.0, 0.0, 0.0, 0.0, 0.0, -1.5]
32-15-29:[0.0, 0.0, 0.0, 0.0, 0.0, 0.0, 0.0, 0.0, 0.0]
40-14-31:[0.0, 0.0, -0.9212500000000001, 0.0, -2.5, 0.0, 0.0, -1.5, 0.0]
120-62-23:[0.0, 0.0, 0.0, 0.0, 0.0, 0.0, 0.0, 0.0, 0.0]
195-15-9:[0.0, 1.5, 0.0, 0.0, 0.0, 0.0, 0.0, 0.0, 0.0]
33-14-25:[0.0, 0.0, 0.0, 0.0, 0.0, 0.0, 0.0, 0.0, 0.0]
195-15-7:[0.0, 0.0, 0.0, 0.0, 0.0, 0.0, 0.0, 5.350875, 0.0]
60-21-13:[0.0, 1.5, 0.0, 0.0, 0.0, 0.0, 0.0, 0.0, 0.0]
195-15-8:[0.0, 1.5, 0.0, 0.0, 0.0, 0.0, 0.0, 0.0, 0.0]
195-15-5:[5.682632334843751, 0.0, 0.0, 0.42500000000000004, 0.0, 4.297928125, 0.0, 0.0, 0.0]
130-15-30:[0.0, 1.5, 0.0, 0.0, 0.0, 0.0, 0.0, 0.0, 0.0]
195-15-6:[0.0, 0.0, 0.0, 3.3515728125, 0.0, 0.0, 0.0, 11.146062500000003, 0.0]
39-12-35:[0.0, 0.0, -1.0, 0.0, 0.0, 0.0, 0.0, 0.0, 0.0]
22-17-14:[0.0, 0.0, 0.0, 0.0, 0.0, 0.0, 0.0, 0.0, 0.0]
40-14-29:[5.9336731049062506, 0.0, 1.6425, 0.0, 0.0, 0.0, 5.741476875, 0.0, 2.85]
60-10-27:[0.0, 0.0, 0.0, 0.0, 0.0, 1.5, 0.0, 0.0, 0.0]
66-18-33:[4.1325, 0.0, 0.0, 0.0, 0.0, 0.0, 0.0, 0.0, 0.0]
182-15-11:[0.0, 0.0, 0.0, 1.5, 0.0, 0.0, 8.8, 0.0, 0.0]
36-17-2:[0.0, 0.0, 0.0, 0.0, 0.0, 0.0, 0.0, 0.0, 0.0]
40-14-28:[0.0, 2.1808331250000004, 3.18504375, 0.0, 0.0, 0.0, 0.0, 4.2787500000000005, 0.0]
60-10-26:[0.0, 0.0, 0.0, 0.0, 0.0, 0.0, 0.0, 0.0, 1.5]
40-14-27:[0.0, 1.5, 1.7139375000000001, 0.0, 0.0, 0.0, 0.0, 0.0, 0.0]
104-19-35:[0.0, 0.0, 0.0, -2.5, 0.0, 0.0, 0.0, 0.0, -1.5]
130-15-29:[0.0, 1.5, 0.0, 0.0, 0.0, 0.0, 0.0, 0.0, 0.0]
130-15-28:[0.0, -2.5, 0.0, 0.0, 1.5, 0.0, 0.0, 0.0, 0.0]
36-13-28:[0.0, 0.0, -1.0, 0.0, 0.0, 0.0, 0.0, 0.0, 0.0]
36-13-29:[0.0, 0.0, 1.5, 0.0, 0.0, 0.0, 0.0, 0.0, 0.0]
55-21-10:[0.0, 0.0, 0.0, 0.0, 0.0, 1.5, 0.0, 0.0, 0.0]
182-18-4:[0.0, 1.5, 0.0, 0.0, 0.0, 0.0, 0.0, 0.0, 0.0]
28-14-30:[0.0, 0.0, 1.5, 0.0, 0.0, 0.0, 0.0, 0.0, 0.0]
48-33-12:[0.0, 5.35, 0.0, 0.0, 0.0, 0.0, 0.0, 0.0, 0.0]
176-15-36:[0.0, 0.0, 0.0, 0.0, 0.0, 0.0, 0.0, 0.0, 1.5]
33-15-14:[0.0, 0.0, 0.0, 0.0, 0.0, 0.0, 0.0, 2.9250000000000003, 0.0]
176-15-35:[0.0, 0.0, 0.0, 0.0, 0.0, 0.0, 0.0, 0.0, -2.0]
156-19-35:[0.0, 0.0, 0.0, 0.0, 0.0, 0.0, 0.0, 0.0, 0.0]
24-14-0:[0.0, 1.5, 0.0, 0.0, 0.0, 0.0, 0.0, 0.0, 0.0]
168-20-1:[2.85, 0.0, 0.0, 0.0, 0.0, 0.0, 0.0, 0.0, 0.0]
90-14-33:[0.0, 0.0, 0.0, 0.0, 0.0, 0.0, 0.0, 0.0, 0.0]
40-25-20:[0.0, 0.0, 0.0, 0.0, 0.0, 0.0, 0.0, 0.0, 2.85]
36-13-30:[0.0, 0.0, 1.5, 0.0, 0.0, 0.0, 0.0, 0.0, 0.0]
36-13-31:[0.0, 0.0, -3.472125, 0.0, 0.0, 0.0, 2.9250000000000003, 0.0, 0.0]
